#Altitude of each horn
75.2370474331863
73.0655861057774
78.79453633612117
72.68805189359158
77.9495887369076
85.21376267557856
80.08319454341272
82.11647970490036
74.89642577937595
77.44436040649161
84.07327625444772
85.81187329412117
76.55460688228405
85.47199191571247
81.5111029079691
83.10810176405396
81.64465353861966
79.57780976456547
85.7181592589857
73.58170801229478
72.14139744049382
75.75267863793106
74.35436204971963
79.32797809297554
80.97657697108812
83.63037467323751
83.64025337062029
77.14221275786426