#Azimuth of each horn
188.09743884704775
200.08826390010853
195.9913096855667
206.4740434301855
190.48715344283195
196.83164804218802
189.41096341812212
222.13193466379894
183.36561185660136
182.90518093717512
196.0968409212727
212.59220656982103
187.45471607511982
185.38346309092725
211.33133696393753
191.1144777697614
225.76386149894788
206.57833007117162
201.90496333823808
210.59568530061347
202.25477832069697
237.5374478309404
184.2181172636847
217.21521107336085
203.0286841589678
194.015568319947
198.50703882757185
193.48528825520933